0 5
1 6
2 7
3 9
4 10
5 10
6 10
7 10
8 11
9 12
10 15
11 17
12 19
13 20
14 20
15 21
16 22
17 26
18 29
19 34
20 37
21 39
22 41
23 42
24 47
25 51
26 60
27 66
28 73
29 78
30 81
31 88
32 93
33 107
34 117
35 133
36 144
37 154
38 166
39 174
40 195
41 210
42 240
43 261
44 287
45 310
46 328
47 361
48 384
49 435
50 471
51 527
52 571
53 615
54 671
55 712
56 796
57 855
58 962
59 1042
60 1142
61 1242
62 1327
63 1467
64 1567
65 1758
66 1897
67 2104
68 2284
69 2469
70 2709
71 2894
72 3225
73 3464
74 3862
75 4181
76 4573
77 4993
78 5363
79 5934
0 6358
1 7087
2 7645
3 8435
4 9174
5 9936
6 10927
7 11721
8 13021
9 14003
10 15522
11 16819
12 18371
13 20101
14 21657
15 23948
16 25724
17 28543
18 30822
19 33893
20 36920
21 40028
22 44049
23 47381
24 52491
25 56546
26 62436
27 67742
28 73921
29 80969
30 87409
31 96540
32 103927
33 114927
34 124288
35 136357
36 148711
37 161330
38 177509
39 191336
40 211467
41 228215
42 251284
43 272999
44 297687
45 326220
46 352666
47 388976
48 419551
49 462751
50 501214
51 548971
52 599219
53 650353
54 715196
55 772217
56 851727
57 920765
58 1011722
59 1100433
60 1199324
61 1314415
62 1422570
63 1566923
64 1692982
65 1863449
66 2021198
67 2211046
68 2414848
69 2621894
70 2881338
71 3115552
72 3430372
73 3714180
74 4074495
75 4436046
76 4832940
77 5296186
78 5737446
79 6311710
0 6829732
1 7504867
2 8150226
3 8907435
4 9732232
5 10570386
6 11607896
7 12567178
8 13816577
9 14979958
10 16412302
11 17882458
12 19477821
13 21340128
14 23137564
15 25424473
16 27547136
17 30228879
18 32862416
19 35890123
20 39222586
21 42615385
22 46764601
23 50684700
24 55653352
25 60409552
26 66119002
27 72085002
28 78505508
29 85987187
30 93300085
